Allocation,Experimenter,Study
Random,Researcher,Crain-Thoreson and Dale 1999
